00001000000000000000001110011001
00000011111111111111100000100000
10101111101111100000000000000001
10001110111000000000000000000000
00000011111111110000000000100000
10101110111000000000000000000000
10001110111000010000000000000001
00110111111000100000000111110100
00000011111000100000100000100000
10101110111000010000000000000001
10001110111000110000000000000010
00110111111001000000000111110100
00000011111001000001100000100000
10101110111000110000000000000010
10001110111001010000000000000011
00110111111001100000011111010000
00000011111001100010100000100000
10101110111001010000000000000011
10001110111001110000000000000100
00110111111010000000000100101100
00000011111010000011100000100000
10101110111001110000000000000100
10001110111010010000000000000101
00110111111010100001001110001000
00000011111010100100100000100000
10101110111010010000000000000101
10001110111010110000000000000110
00110111111011000000110001111000
00000011111011000101100000100000
10101110111010110000000000000110
10001110111011010000000000000111
00110111111011100001010101111100
00000011111011100110100000100000
10101110111011010000000000000111
10001110111011110000000000001000
00110111111100000000101010000100
00000011111100000111100000100000
10101110111011110000000000001000
10001110111100010000000000001001
00110111111100100000000000001011
00000011111100101000100000100000
10101110111100010000000000001001
00100010111110110000000000001010
00000011011111111101100000100000
10001111011100110000000000000000
00000011111111111001100000100000
00100010111110110000000000001010
00000011011111111101100000100000
10101111011100110000000000000000
00100010111110110000000000010110
00000011011111111101100000100000
10001111011101000000000000000000
00000011111111111010000000100000
00100010111110110000000000010110
00000011011111111101100000100000
10101111011101000000000000000000
10001111101101010000000000000110
00110111111000000000000000000001
00000011111000001010100000100000
10101111101101010000000000000110
00000011111111111111100000100000
10001111101000010000000000000110
00110111111000100000000000001010
00000000010000010001100000101010
00111000011000110000000000000001
00010011111000110000000001100111
10001111101001000000000000000110
00100010111110110000000000001010
00000011011001001101100000100000
10001111011001010000000000000000
10001111101001100000000000000110
00110111111001110000000000000001
00000000110001110100000000100010
10001110111010010000000000000010
00000001000010010101000000011000
10001110111010110000000000000001
00000001010010110110000000100000
00000011111011000010100000100000
00100010111110110000000000001010
00000011011001001101100000100000
10101111011001010000000000000000
10001111101011010000000000000110
00100010111110110000000000010110
00000011011011011101100000100000
10001111011011100000000000000000
10001111101011110000000000000110
00110111111100000000000000000001
00000001111100001000100000100010
10001110111100100000000000000100
00000010001100101001100000011000
10001110111101000000000000000011
00000010011101001010100000100000
00000011111101010111000000100000
00100010111110110000000000010110
00000011011011011101100000100000
10101111011011100000000000000000
10001111101000000000000000000110
10001111101000010000000000000110
00110111111000100000000000000001
00000000001000100001100000100000
00000011111000110000000000100000
10101111101000000000000000000110
00001000000000000000000000111100
00000011111111111111100000100000
00110111111001000000000000001011
00100010111110110000000000001010
00000011011001001101100000100000
10001111011001010000000000000000
10001110111001100000000000000111
00000011111001100010100000100000
00100010111110110000000000001010
00000011011001001101100000100000
10101111011001010000000000000000
00110111111001110000000000001011
00100010111110110000000000010110
00000011011001111101100000100000
10001111011010000000000000000000
10001110111010010000000000000101
00000011111010010100000000100000
00100010111110110000000000010110
00000011011001111101100000100000
10101111011010000000000000000000
01110111111111110000000000001010
00000011111111111111100000100000
10001111101111100000000000000001
00000011110111111111100000001000
00000011111111111111100000100000
10101111101111100000000000000001
10001111101010100000000000000110
00000011111111110101000000100000
10101111101010100000000000000110
00000011111111111111100000100000
10001111101010110000000000000110
00110111111011000000000000001011
00000001100010110110100000101010
00111001101011010000000000000001
00010011111011010000000010110001
10001111101011100000000000000110
00100010111110110000000000100010
00000011011011101101100000100000
10001111011011110000000000000000
00000011111111110111100000100000
00100010111110110000000000100010
00000011011011101101100000100000
10101111011011110000000000000000
10001111101100000000000000000110
00100010111110110000000000111010
00000011011100001101100000100000
10001111011100010000000000000000
00000011111111111000100000100000
00100010111110110000000000111010
00000011011100001101100000100000
10101111011100010000000000000000
10001111101100100000000000000110
00100010111110110000000000101110
00000011011100101101100000100000
10001111011100110000000000000000
00000011111111111001100000100000
00100010111110110000000000101110
00000011011100101101100000100000
10101111011100110000000000000000
10001111101101000000000000000110
00100010111110110000000001000110
00000011011101001101100000100000
10001111011101010000000000000000
00110111111000000000000000000001
00000011111000001010100000100000
00100010111110110000000001000110
00000011011101001101100000100000
10101111011101010000000000000000
10001111101000010000000000000110
10001111101000100000000000000110
00110111111000110000000000000001
00000000010000110010000000100000
00000011111001000000100000100000
10101111101000010000000000000110
00001000000000000000000010000011
00000011111111111111100000100000
10001110111001010000000001010011
00000011111111110010100000100000
10101110111001010000000001010011
10001110111001100000000001010010
00000011111111110011000000100000
10101110111001100000000001010010
00000011111111111111100000100000
10001111101111100000000000000001
00000011110111111111100000001000
00000011111111111111100000100000
10101111101111100000000000000010
10001111101001110000000000000000
10001111101010000000000000000000
00100010111110110000000000100010
00000011011010001101100000100000
10001111011010010000000000000000
00000001001111110101000000101101
00101001010010100000000000000001
00010011111010100000000011100000
10001111101010110000000000000000
00100010111110110000000000100010
00000011011010111101100000100000
10001111011011000000000000000000
00110111111011010000000000000001
00000011111011010110000000100000
00100010111110110000000000100010
00000011011010111101100000100000
10101111011011000000000000000000
10001111101011100000000000000000
00100010111110110000000000111010
00000011011011101101100000100000
10001111011011110000000000000000
10001111101100000000000000000000
00100010111110110000000000010110
00000011011100001101100000100000
10001111011100010000000000000000
00000011111100010111100000100000
00100010111110110000000000111010
00000011011011101101100000100000
10101111011011110000000000000000
10001110111100100000000001010011
10001110111100110000000001010011
00110111111101000000000000000001
00000010011101001010100000100000
00000011111101011001000000100000
10101110111100100000000001010011
00000011111111111111100000100000
00000011111111111111100000100000
10001111101111100000000000000010
00000011110111111111100000001000
00000011111111111111100000100000
10101111101111100000000000000010
10001111101000000000000000000000
10001111101000010000000000000000
00110111111000100000000000000001
00000000001000100001100000101010
00010011111000110000000011101111
00110111111001000000000000000001
10001111101110110000000000000001
10101111011001000000000000000010
00001000000000000000000011111101
00000011111111111111100000100000
10001111101001010000000000000000
00110111111001100000000000001011
00000000110001010011100000101010
00010011111001110000000011111000
00110111111010000000000000001011
10001111101110110000000000000001
10101111011010000000000000000010
00001000000000000000000011111101
00000011111111111111100000100000
10001111101010010000000000000000
10001111101110110000000000000001
10101111011010010000000000000010
00001000000000000000000011111101
00000011111111111111100000100000
10001111101111100000000000000010
00000011110111111111100000001000
00000011111111111111100000100000
10101111101111100000000000000010
10001111101010100000000000000000
10001111101010110000000000000000
00110111111011000000000000000001
00000001011011000110100000101010
00010011111011010000000100001011
00110111111011100000000000000001
10001111101110110000000000000001
10101111011011100000000000000010
00001000000000000000000100011001
00000011111111111111100000100000
10001111101011110000000000000000
00110111111100000000000000001010
00000010000011111000100000101010
00010011111100010000000100010100
00110111111100100000000000001010
10001111101110110000000000000001
10101111011100100000000000000010
00001000000000000000000100011001
00000011111111111111100000100000
10001111101100110000000000000000
10001111101110110000000000000001
10101111011100110000000000000010
00001000000000000000000100011001
00000011111111111111100000100000
10001111101111100000000000000010
00000011110111111111100000001000
00000011111111111111100000100000
10101111101111100000000000000001
01110111111111110000000000000011
10001111101101000000000000000110
01111111111101010000000000000000
00000011111101011010000000100000
10101111101101000000000000000110
10001110111000000000000000000000
10001111101000010000000000000110
10101111010000010000000000000000
10001111010110110000000000000000
10101111100110110000000000000001
00000011101111111101100000100000
00100011011110110000000000000000
10101111100110110000000000000010
00100011101111010000000000000111
00100011100111000000000000000111
00001100000000000000000100000000
00100111101111010000000000000111
00100111100111000000000000000111
10001111101000100000000000000010
00000011111000100000000000100000
10101110111000000000000000000000
00000011111111111111100000100000
10001111101111100000000000000001
00000011110111111111100000001000
00000011111111111111100000100000
10101111101111100000000000000001
10001110111000110000000000000000
10001110111001000000000000001001
00000011111001000001100000100000
10101110111000110000000000000000
00000011111111111111100000100000
10001111101111100000000000000001
00000011110111111111100000001000
00000011111111111111100000100000
10101111101111100000000000000010
10001111101001010000000000000000
10001111101001100000000000000111
10001111101001110000000000000000
00100010111110110000000000010110
00000011011001111101100000100000
10001111011010000000000000000000
00000011111010000011000000100000
10101111101001100000000000000111
10001111101010010000000000001000
10001111101010100000000000000000
00100010111110110000000000001010
00000011011010101101100000100000
10001111011010110000000000000000
00000011111010110100100000100000
10101111101010010000000000001000
10101110111000000000000111010011
10101110111000010000000111010100
10101110111000100000000111010101
10101110111000110000000111010110
10101110111001000000000111010111
10101110111001010000000111011000
10101110111001100000000111011001
10101110111001110000000111011010
10101110111010000000000111011011
10101110111010010000000111011100
10101110111010100000000111011101
10101110111010110000000111011110
10101110111011000000000111011111
10101110111011010000000111100000
10101110111011100000000111100001
10101110111011110000000111100010
10101110111100000000000111100011
10101110111100010000000111100100
10101110111100100000000111100101
10101110111100110000000111100110
10101110111101000000000111100111
10101110111101010000000111101000
10101110111101100000000111101001
10101110111101110000000111101010
10101110111110000000000111101011
10101110111110100000000111101101
10101110111110110000000111101110
10101110111111000000000111101111
10101110111111010000000111110000
10101110111111100000000111110001
10101110111111110000000111110010
10001111101011000000000000000111
00000001100111111100100000100000
10001111101011010000000000000111
00000001101111111100000000100000
10001111101011100000000000001000
00000001110111111011100000100000
01001011001111110000000000000000
10101110111000000000000111010011
10101110111000010000000111010100
10101110111000100000000111010101
10101110111000110000000111010110
10101110111001000000000111010111
10101110111001010000000111011000
10101110111001100000000111011001
10101110111001110000000111011010
10101110111010000000000111011011
10101110111010010000000111011100
10101110111010100000000111011101
10101110111010110000000111011110
10101110111011000000000111011111
10101110111011010000000111100000
10101110111011100000000111100001
10101110111011110000000111100010
10101110111100000000000111100011
10101110111100010000000111100100
10101110111100100000000111100101
10101110111100110000000111100110
10101110111101000000000111100111
10101110111101010000000111101000
10101110111101100000000111101001
10101110111101110000000111101010
10101110111110000000000111101011
10101110111110100000000111101101
10101110111110110000000111101110
10101110111111000000000111101111
10101110111111010000000111110000
10101110111111100000000111110001
10101110111111110000000111110010
00000011111111111011100000100000
00000011111111111100000000100000
10001110111000000000000111010011
10001110111000010000000111010100
10001110111000100000000111010101
10001110111000110000000111010110
10001110111001000000000111010111
10001110111001010000000111011000
10001110111001100000000111011001
10001110111001110000000111011010
10001110111010000000000111011011
10001110111010010000000111011100
10001110111010100000000111011101
10001110111010110000000111011110
10001110111011000000000111011111
10001110111011010000000111100000
10001110111011100000000111100001
10001110111011110000000111100010
10001110111100000000000111100011
10001110111100010000000111100100
10001110111100100000000111100101
10001110111100110000000111100110
10001110111101000000000111100111
10001110111101010000000111101000
10001110111101100000000111101001
10001110111101110000000111101010
10001110111110000000000111101011
10001110111110100000000111101101
10001110111110110000000111101110
10001110111111000000000111101111
10001110111111010000000111110000
10001110111111100000000111110001
10001110111111110000000111110010
01110111111111110000000000011100
00000011101111111101100000100000
00100011011110110000000000000001
10101111100110110000000000000001
00100011101111010000000000001001
00100011100111000000000000000111
00001100000000000000000001111110
00100111101111010000000000001001
00100111100111000000000000000111
00000011111111111111100000100000
10001111101111100000000000000010
00000011110111111111100000001000
00000011111111111111100000100000
10101111101111100000000000000001
01110111111111110000000000001011
10001111101011110000000000000110
01111111111100000000000000000000
00000011111100000111100000100000
10101111101011110000000000000110
10001110111100010000000001010010
10001111101100100000000000000110
10101111010100100000000000000000
10001111010110110000000000000000
10101111100110110000000000000001
00000011101111111101100000100000
00100011011110110000000000000000
10101111100110110000000000000010
00100011101111010000000000000111
00100011100111000000000000000111
00001100000000000000000100000000
00100111101111010000000000000111
00100111100111000000000000000111
10001111101100110000000000000010
00000011111100111000100000100000
10101110111100010000000001010010
00000011111111111111100000100000
10001111101111100000000000000001
00000011110111111111100000001000
00000011111111111111100000100000
10101111101111100000000000000001
01110111111111110000000000001110
10001111101101000000000000000110
01111111111101010000000000000000
00000011111101011010000000100000
10101111101101000000000000000110
10001111101000000000000000000110
10001111101110110000000000000000
10101111011000000000000000000010
00001000000000000000000111100111
00000011111111111111100000100000
10001111101111100000000000000001
00000011110111111111100000001000
00000011111111111111100000100000
10101111101111100000000000000001
10001111101000010000000000000110
00000011111111110000100000100000
10101111101000010000000000000110
01110111111111110000000000010001
00000011111111111111100000100000
10001110111000100000000001010011
00000011111000100001100000101010
00010011111000110000001100111001
10001111101001000000000000000111
10001111101001010000000000000110
00100010111110110000000000101110
00000011011001011101100000100000
10001111011001100000000000000000
00000011111001100010000000100000
10101111101001000000000000000111
10001111101001110000000000000111
00100010111110110000000000100010
00000011011001111101100000100000
10001111011010000000000000000000
00110111111010010000000000000100
00000001000010011101100000101010
00000001001010000101000000101010
00000011011010100101000000100101
00010011111010100000001100100111
10001111101010110000000000000111
00100010111110110000000000100010
00000011011010111101100000100000
10001111011011000000000000000000
00110111111011010000000000000010
00000011111011010110000000100000
00100010111110110000000000100010
00000011011010111101100000100000
10101111011011000000000000000000
10001111101011100000000000001001
10001111101011110000000000000111
00100010111110110000000000111010
00000011011011111101100000100000
10001111011100000000000000000000
00000011111100000111000000100000
10101111101011100000000000001001
10001111101100010000000000001011
10001111101100100000000000000111
00100010111110110000000000001010
00000011011100101101100000100000
10001111011100110000000000000000
00000011111100111000100000100000
10101111101100010000000000001011
10001111101101000000000000001010
10001111101101010000000000000111
00100010111110110000000000010110
00000011011101011101100000100000
10001111011000000000000000000000
00000011111000001010000000100000
10101111101101000000000000001010
10001111101000010000000000001100
10001111101000100000000000000111
00100010111110110000000001000110
00000011011000101101100000100000
10001111011000110000000000000000
00000011111000110000100000100000
10101111101000010000000000001100
10001111101001000000000000001100
00110111111001010000000000000001
00000000100001010011000000101101
00101000110001100000000000000001
00010011111001100000001001100001
10001111101001110000000000000111
00100010111110110000000001000110
00000011011001111101100000100000
10001111011010000000000000000000
00000011111111110100000000100000
00100010111110110000000001000110
00000011011001111101100000100000
10101111011010000000000000000000
01110111111111110000000000011011
00000011111111111100000000100000
00000011111111111011100000100000
01110111111111110000000000010010
10101110111000000000000111010011
10101110111000010000000111010100
10101110111000100000000111010101
10101110111000110000000111010110
10101110111001000000000111010111
10101110111001010000000111011000
10101110111001100000000111011001
10101110111001110000000111011010
10101110111010000000000111011011
10101110111010010000000111011100
10101110111010100000000111011101
10101110111010110000000111011110
10101110111011000000000111011111
10101110111011010000000111100000
10101110111011100000000111100001
10101110111011110000000111100010
10101110111100000000000111100011
10101110111100010000000111100100
10101110111100100000000111100101
10101110111100110000000111100110
10101110111101000000000111100111
10101110111101010000000111101000
10101110111101100000000111101001
10101110111101110000000111101010
10101110111110000000000111101011
10101110111110100000000111101101
10101110111110110000000111101110
10101110111111000000000111101111
10101110111111010000000111110000
10101110111111100000000111110001
10101110111111110000000111110010
01110111111111110000000000010011
10001111101010010000000000001010
00000001001111111100100000100000
10001111101010100000000000001010
00000001010111111100000000100000
10001111101010110000000000001011
00000001011111111011100000100000
00001000000000000000001010101100
00000011111111111111100000100000
01110111111111110000000000011010
00000011111111111100000000100000
00000011111111111011100000100000
01110111111111110000000000010010
10101110111000000000000111010011
10101110111000010000000111010100
10101110111000100000000111010101
10101110111000110000000111010110
10101110111001000000000111010111
10101110111001010000000111011000
10101110111001100000000111011001
10101110111001110000000111011010
10101110111010000000000111011011
10101110111010010000000111011100
10101110111010100000000111011101
10101110111010110000000111011110
10101110111011000000000111011111
10101110111011010000000111100000
10101110111011100000000111100001
10101110111011110000000111100010
10101110111100000000000111100011
10101110111100010000000111100100
10101110111100100000000111100101
10101110111100110000000111100110
10101110111101000000000111100111
10101110111101010000000111101000
10101110111101100000000111101001
10101110111101110000000111101010
10101110111110000000000111101011
10101110111110100000000111101101
10101110111110110000000111101110
10101110111111000000000111101111
10101110111111010000000111110000
10101110111111100000000111110001
10101110111111110000000111110010
01110111111111110000000000010011
10001111101011000000000000001001
00000001100111111100100000100000
10001111101011010000000000001010
00000001101111111100000000100000
10001111101011100000000000001011
00000001110111111011100000100000
01110111111111110000000000010100
10001110111000000000000111010011
10001110111000010000000111010100
10001110111000100000000111010101
10001110111000110000000111010110
10001110111001000000000111010111
10001110111001010000000111011000
10001110111001100000000111011001
10001110111001110000000111011010
10001110111010000000000111011011
10001110111010010000000111011100
10001110111010100000000111011101
10001110111010110000000111011110
10001110111011000000000111011111
10001110111011010000000111100000
10001110111011100000000111100001
10001110111011110000000111100010
10001110111100000000000111100011
10001110111100010000000111100100
10001110111100100000000111100101
10001110111100110000000111100110
10001110111101000000000111100111
10001110111101010000000111101000
10001110111101100000000111101001
10001110111101110000000111101010
10001110111110000000000111101011
10001110111110100000000111101101
10001110111110110000000111101110
10001110111111000000000111101111
10001110111111010000000111110000
10001110111111100000000111110001
10001110111111110000000111110010
00000011111111111111100000100000
01110111111111110000000000010000
01010111111111110000000000110010
01110111111111110000000000010101
01001011001111110000000000000000
01110111111111110000000000010110
10101110111000000000000111010011
10101110111000010000000111010100
10101110111000100000000111010101
10101110111000110000000111010110
10101110111001000000000111010111
10101110111001010000000111011000
10101110111001100000000111011001
10101110111001110000000111011010
10101110111010000000000111011011
10101110111010010000000111011100
10101110111010100000000111011101
10101110111010110000000111011110
10101110111011000000000111011111
10101110111011010000000111100000
10101110111011100000000111100001
10101110111011110000000111100010
10101110111100000000000111100011
10101110111100010000000111100100
10101110111100100000000111100101
10101110111100110000000111100110
10101110111101000000000111100111
10101110111101010000000111101000
10101110111101100000000111101001
10101110111101110000000111101010
10101110111110000000000111101011
10101110111110100000000111101101
10101110111110110000000111101110
10101110111111000000000111101111
10101110111111010000000111110000
10101110111111100000000111110001
10101110111111110000000111110010
00000011111111111100000000100000
00000011111111111011100000100000
10001110111000000000000111010011
10001110111000010000000111010100
10001110111000100000000111010101
10001110111000110000000111010110
10001110111001000000000111010111
10001110111001010000000111011000
10001110111001100000000111011001
10001110111001110000000111011010
10001110111010000000000111011011
10001110111010010000000111011100
10001110111010100000000111011101
10001110111010110000000111011110
10001110111011000000000111011111
10001110111011010000000111100000
10001110111011100000000111100001
10001110111011110000000111100010
10001110111100000000000111100011
10001110111100010000000111100100
10001110111100100000000111100101
10001110111100110000000111100110
10001110111101000000000111100111
10001110111101010000000111101000
10001110111101100000000111101001
10001110111101110000000111101010
10001110111110000000000111101011
10001110111110100000000111101101
10001110111110110000000111101110
10001110111111000000000111101111
10001110111111010000000111110000
10001110111111100000000111110001
10001110111111110000000111110010
10001111101011110000000000001000
01011011111100000000000000000000
00000011111100000111100000100000
10101111101011110000000000001000
10001111101100010000000000001000
00110111111100100000000000000001
00000010001100101001100000101101
00101010011100110000000000000001
00010011111100110000001100001111
01110111111111110000000000010111
10001111101101000000000000000111
00100010111110110000000000100010
00000011011101001101100000100000
10001111011101010000000000000000
00110111111000000000000000000001
00000011111000001010100000100000
00100010111110110000000000100010
00000011011101001101100000100000
10101111011101010000000000000000
10001111101000010000000000000111
00100010111110110000000000111010
00000011011000011101100000100000
10001111011000100000000000000000
01010011111000110000000000000000
00000011111000110001000000100000
00100010111110110000000000111010
00000011011000011101100000100000
10101111011000100000000000000000
00001000000000000000001100100110
00000011111111111111100000100000
10001111101001000000000000001000
00110111111001010000000000000010
00000000100001010011000000101101
00101000110001100000000000000001
00010011111001100000001100100101
01110111111111110000000000011000
10001111101001110000000000000111
00100010111110110000000000100010
00000011011001111101100000100000
10001111011010000000000000000000
00110111111010010000000000000100
00000011111010010100000000100000
00100010111110110000000000100010
00000011011001111101100000100000
10101111011010000000000000000000
10001110111010100000000001010011
10001110111010110000000001010011
00110111111011000000000000000001
00000001011011000110100000100010
00000011111011010101000000100000
10101110111010100000000001010011
00000011111111111111100000100000
00000011111111111111100000100000
00000011111111111111100000100000
01110111111111110000000000011001
10001111101011100000000000000110
10001111101011110000000000000110
00110111111100000000000000000001
00000001111100001000100000100000
00000011111100010111000000100000
10101111101011100000000000000110
10001111101100100000000000000110
10001110111100110000000001010010
00000010010100111010000000101010
00111010100101000000000000000001
00010011111101000000001100110111
10001111101101010000000000000110
00000011111111111010100000100000
10101111101101010000000000000110
00000011111111111111100000100000
00001000000000000000000111110000
00000011111111111111100000100000
01110111111111110000000000001111
01110111111111110000000000011100
00000011101111111101100000100000
00100011011110110000000000000000
10101111100110110000000000000001
00100011101111010000000000001101
00100011100111000000000000000111
00001100000000000000000001111110
00100111101111010000000000001101
00100111100111000000000000000111
00000011111111111111100000100000
10001111101111100000000000000001
00000011110111111111100000001000
00000011111111111111100000100000
10101111101111100000000000000001
00000011101111111101100000100000
00100011011110110000000000000000
10101111100110110000000000000001
00100011101111010000000000001001
00100011100111000000000000000111
00001100000000000000000111000010
00100111101111010000000000001001
00100111100111000000000000000111
10001111101000000000000000000110
00000011111111110000000000100000
10101111101000000000000000000110
00000011111111111111100000100000
10001111101000010000000000000110
10001110111000100000000001010010
00000000001000100001100000101010
00010011111000110000001110010101
01110111111111110000000000001100
10001111101001000000000000001000
01111111111001010000000000000000
00000011111001010010000000100000
10101111101001000000000000001000
10001111101001100000000000000111
10001111101001110000000000001000
10101111010001110000000000000000
10001111010110110000000000000000
10101111100110110000000000000001
00000011101111111101100000100000
00100011011110110000000000000000
10101111100110110000000000000010
00100011101111010000000000001001
00100011100111000000000000000111
00001100000000000000000100000000
00100111101111010000000000001001
00100111100111000000000000000111
10001111101010000000000000000010
00000011111010000011000000100000
10101111101001100000000000000111
10001111101010010000000000000111
00100010111110110000000000100010
00000011011010011101100000100000
10001111011010100000000000000000
00000001010111110101100000101101
00101001011010110000000000000001
00010011111010110000001110010001
10001111101011000000000000000110
00100010111110110000000000101110
00000011011011001101100000100000
10001111011011010000000000000000
10001111101011100000000000000111
00000011111011100110100000100000
00100010111110110000000000101110
00000011011011001101100000100000
10101111011011010000000000000000
10001111101011110000000000000111
10101111010011110000000000000000
10001111010110110000000000000000
10101111100110110000000000000001
00000011101111111101100000100000
00100011011110110000000000000000
10101111100110110000000000000010
00100011101111010000000000001001
00100011100111000000000000000111
00001100000000000000000010111011
00100111101111010000000000001001
00100111100111000000000000000111
10001111101100000000000000000110
10001111101100010000000000000110
00110111111100100000000000000001
00000010001100101001100000100000
00000011111100111000000000100000
10101111101100000000000000000110
00001000000000000000001110010011
00000011111111111111100000100000
01110111111111110000000000001101
00000011111111111111100000100000
00001000000000000000001101010100
00000011111111111111100000100000
00000011111111111111100000100000
10001111101111100000000000000001
00000011110111111111100000001000
00000011111111111111100000100000
00110111111111010000000001010100
00000011101101111110100000100000
00110111111111000000000001011001
00000011100101111110000000100000
00100010111110100000000111110011
00100011100111000000000000000001
00100011100111000000000000000001
00100011100111000000000000000001
00000011101111111101100000100000
00100011011110110000000000000000
10101111100110110000000000000001
00100011101111010000000000001001
00100011100111000000000000000111
00001100000000000000000000000001
00100111101111010000000000001001
00100111100111000000000000000111
00000011101111111101100000100000
00100011011110110000000000000000
10101111100110110000000000000001
00100011101111010000000000001001
00100011100111000000000000000111
00001100000000000000000001111110
00100111101111010000000000001001
00100111100111000000000000000111
01110111111111110000000000000001
00000011111111111111100000100000
00000011111111111111100000100000
00000011111111111111100000100000
00000011111111111111100000100000
00000011111111111111100000100000
00000011111111111111100000100000
00000011111111111111100000100000
00000011111111111111100000100000
00000011111111111111100000100000
10001111101101000000000000000110
00110111111101010000000000000001
00000011111101011010000000100000
10101111101101000000000000000110
00000011111111111111100000100000
10001111101000000000000000000110
00110111111000010000000000000001
00000000000000010001000000101101
00101000010000100000000000000001
00010011111000100000010000101111
01110111111111110000000000000110
10001111101000110000000000000111
01111111111001000000000000000000
00000011111001000001100000100000
10101111101000110000000000000111
10001111101001010000000000000111
00110111111001100000000000000001
00000000101001100011100000101101
00101000111001110000000000000001
00010011111001110000001111100010
01110111111111110000000000000111
00000011101111111101100000100000
00100011011110110000000000000000
10101111100110110000000000000001
00100011101111010000000000001001
00100011100111000000000000001001
00001100000000000000001101000111
00100111101111010000000000001001
00100111100111000000000000001001
00000011101111111101100000100000
00100011011110110000000000000000
10101111100110110000000000000001
00100011101111010000000000001001
00100011100111000000000000001101
00001100000000000000000111101010
00100111101111010000000000001001
00100111100111000000000000001101
00001000000000000000010000101101
00000011111111111111100000100000
10001111101010000000000000000111
00110111111010010000000000000010
00000001000010010101000000101101
00101001010010100000000000000001
00010011111010100000010000101010
01110111111111110000000000001000
01110111111111110000000000011110
10001111101010110000000000001000
01111111111011000000000000000000
00000011111011000101100000100000
10101111101010110000000000001000
10001111101011010000000000001000
00110111111011100000000000000001
00000001101011100111100000101101
00101001111011110000000000000001
00010011111011110000010000001001
01110111111111110000000000011111
00000011101111111101100000100000
00100011011110110000000000000000
10101111100110110000000000000001
00100011101111010000000000001001
00100011100111000000000000000111
00001100000000000000000100011100
00100111101111010000000000001001
00100111100111000000000000000111
10001110111100000000000000000000
10101111010100000000000000000000
10001111010110110000000000000000
10101111100110110000000000000001
00000011101111111101100000100000
00100011011110110000000000000000
10101111100110110000000000000010
00100011101111010000000000001001
00100011100111000000000000001001
00001100000000000000000100111111
00100111101111010000000000001001
00100111100111000000000000001001
00001000000000000000010000101000
00000011111111111111100000100000
10001111101100010000000000001000
00110111111100100000000000000010
00000010001100101001100000101101
00101010011100110000000000000001
00010011111100110000010000100101
01110111111111110000000000100000
00000011101111111101100000100000
00100011011110110000000000000000
10101111100110110000000000000001
00100011101111010000000000001001
00100011100111000000000000000110
00001100000000000000000100110110
00100111101111010000000000001001
00100111100111000000000000000110
10001110111101000000000000000000
10101111010101000000000000000000
10001111010110110000000000000000
10101111100110110000000000000001
00000011101111111101100000100000
00100011011110110000000000000000
10101111100110110000000000000010
00100011101111010000000000001001
00100011100111000000000000001001
00001100000000000000000100111111
00100111101111010000000000001001
00100111100111000000000000001001
00001000000000000000010000100111
00000011111111111111100000100000
01110111111111110000000000011101
00000011111111111111100000100000
00000011111111111111100000100000
00001000000000000000010000101100
00000011111111111111100000100000
01110111111111110000000000011101
00000011111111111111100000100000
00000011111111111111100000100000
00001000000000000000001111000000
00000011111111111111100000100000
00001000000000000000010000110001
00000011111111111111100000100000
11111111111111111111111111111111
