00001000000000000000000000101111
00000011111111111111100000100000
10101111101111100000000000000010
10001111101000000000000000000000
10001111101000010000000000000000
00110111111000100000000000000001
00000000001000100001100000101101
00101000011000110000000000000001
00010011111000110000000000001110
00110111111001000000000000000001
10001111101110110000000000000001
10101111011001000000000000000010
00001000000000000000000000101100
00001000000000000000000000101011
00000011111111111111100000100000
10001111101001010000000000001000
10001111101001100000000000000000
00110111111001110000000000000001
00000000110001110100000000100010
00000011111010000010100000100000
10101111101001010000000000001000
10001111101010010000000000000111
10001111101010100000000000001000
10101111010010100000000000000000
10001111010110110000000000000000
10101111100110110000000000000001
00000011101111111101100000100000
00100011011110110000000000000001
10101111100110110000000000000010
00100011101111010000000000001001
00100011100111000000000000001001
00001100000000000000000000000001
00100111101111010000000000001001
00100111100111000000000000001001
10001111101010110000000000000011
10001111101011000000000000000000
00000001011011000110100000011000
00000011111011010100100000100000
10101111101010010000000000000111
10001111101011100000000000000111
10001111101110110000000000000001
10101111011011100000000000000010
00001000000000000000000000101100
00000011111111111111100000100000
00000011111111111111100000100000
10001111101111100000000000000010
00000011110111111111100000001000
00000011111111111111100000100000
00110111111111010000000000000000
00000011101101111110100000100000
00110111111111000000000000000101
00000011100101111110000000100000
00100010111110100000000111110011
00100011100111000000000000000001
00100011100111000000000000000001
00000011111111111111100000100000
00000011111111111111100000100000
10001111101011110000000000000110
01111111111100000000000000000000
00000011111100000111100000100000
10101111101011110000000000000110
10001111101100010000000000000111
10001111101100100000000000000110
10101111010100100000000000000000
10001111010110110000000000000000
10101111100110110000000000000001
00000011101111111101100000100000
00100011011110110000000000000000
10101111100110110000000000000010
00100011101111010000000000001000
00100011100111000000000000001001
00001100000000000000000000000001
00100111101111010000000000001000
00100111100111000000000000001001
10001111101100110000000000000010
00000011111100111000100000100000
10101111101100010000000000000111
10001111101101000000000000000111
10101111010101000000000000000000
10001111010110110000000000000000
01111011011111110000000000000000
00001000000000000000000001010010
00000011111111111111100000100000
11111111111111111111111111111111
