00001000000000000000000001001001
00000011111111111111100000100000
10101111101111100000000000000010
10001111101000000000000000000000
10001111101000010000000000000111
00000011111111110000100000100000
10101111101000010000000000000111
10001111101000100000000000001000
00110111111000110000000000000001
00000011111000110001000000100000
10101111101000100000000000001000
10001111101001000000000000001010
00110111111001010000000000000010
00000011111001010010000000100000
10101111101001000000000000001010
10001111101001100000000000000000
00000000110111110011100000101101
00101000111001110000000000000001
00010011111001110000000000011000
10001111101010000000000000000111
10001111101110110000000000000001
10101111011010000000000000000010
00001000000000000000000001000110
00001000000000000000000001000001
00000011111111111111100000100000
10001111101010010000000000000000
00110111111010100000000000000001
00000001001010100101100000101101
00101001011010110000000000000001
00010011111010110000000000100011
10001111101011000000000000001000
10001111101110110000000000000001
10101111011011000000000000000010
00001000000000000000000001000110
00001000000000000000000001000000
00000011111111111111100000100000
00000011111111111111100000100000
10001111101011010000000000001010
10001111101011100000000000000000
00000001110011010111100000101010
00111001111011110000000000000001
00010011111011110000000000111111
10001111101100000000000000001001
10001111101100010000000000000111
10001111101100100000000000001000
00000010001100101001100000100000
00000011111100111000000000100000
10101111101100000000000000001001
10001111101101000000000000000111
10001111101101010000000000001000
00000011111101011010000000100000
10101111101101000000000000000111
10001111101000000000000000001000
10001111101000010000000000001001
00000011111000010000000000100000
10101111101000000000000000001000
10001111101000100000000000001010
10001111101000110000000000001010
00110111111001000000000000000001
00000000011001000010100000100000
00000011111001010001000000100000
10101111101000100000000000001010
00001000000000000000000000100100
00000011111111111111100000100000
00000011111111111111100000100000
00000011111111111111100000100000
10001111101001100000000000001001
10001111101110110000000000000001
10101111011001100000000000000010
00001000000000000000000001000110
00000011111111111111100000100000
10001111101111100000000000000010
00000011110111111111100000001000
00000011111111111111100000100000
00110111111111010000000000000000
00000011101101111110100000100000
00110111111111000000000000000101
00000011100101111110000000100000
00100010111110100000000111110011
00100011100111000000000000000001
10001111101001110000000000000110
00110111111010000000000000000101
00000011111010000011100000100000
10101111101001110000000000000110
10001111101010010000000000000110
10101111010010010000000000000000
10001111010110110000000000000000
10101111100110110000000000000001
00000011101111111101100000100000
00100011011110110000000000000000
10101111100110110000000000000010
00100011101111010000000000000111
00100011100111000000000000001011
00001100000000000000000000000001
00100111101111010000000000000111
00100111100111000000000000001011
10001111101010100000000000000010
10101111010010100000000000000000
10001111010110110000000000000000
01111011011111110000000000000000
00001000000000000000000001100101
00000011111111111111100000100000
11111111111111111111111111111111
