00001000000000000000000000101101
00000011111111111111100000100000
10101111101111100000000000000011
10001111101000000000000000000000
10001111101000010000000000000001
10001111101000100000000000000001
00000000010111110001100000101101
00101000011000110000000000000001
00010011111000110000000000001110
10001111101001000000000000000000
10001111101110110000000000000010
10101111011001000000000000000010
00001000000000000000000000101010
00001000000000000000000000101001
00000011111111111111100000100000
10001111101001010000000000000001
10101111010001010000000000000000
10001111101001100000000000000000
10001111101001110000000000000000
10001111101010000000000000000001
00000000111010000100100000011010
10001111101010100000000000000001
00000001001010100101100000011000
00000000110010110110000000100010
10101111010011000000000000000001
10001111010110110000000000000001
10101111100110110000000000000010
10001111010110110000000000000000
10101111100110110000000000000001
00000011101111111101100000100000
00100011011110110000000000000010
10101111100110110000000000000011
00100011101111010000000000001000
00100011100111000000000000001000
00001100000000000000000000000001
00100111101111010000000000001000
00100111100111000000000000001000
10001111101011010000000000000100
10001111101110110000000000000010
10101111011011010000000000000010
00001000000000000000000000101010
00000011111111111111100000100000
00000011111111111111100000100000
10001111101111100000000000000011
00000011110111111111100000001000
00000011111111111111100000100000
00110111111111010000000000000000
00000011101101111110100000100000
00110111111111000000000000000101
00000011100101111110000000100000
00100010111110100000000111110011
00100011100111000000000000000001
00100011100111000000000000000001
10001111101011100000000000000110
00110111111011110000000000010100
00000011111011110111000000100000
10101111101011100000000000000110
10001111101100000000000000000111
00110111111100010000000000001100
00000011111100011000000000100000
10101111101100000000000000000111
10001111101100100000000000000110
10101111010100100000000000000000
10001111101100110000000000000111
10101111010100110000000000000001
10001111010110110000000000000001
10101111100110110000000000000010
10001111010110110000000000000000
10101111100110110000000000000001
00000011101111111101100000100000
00100011011110110000000000000000
10101111100110110000000000000011
00100011101111010000000000001000
00100011100111000000000000001000
00001100000000000000000000000001
00100111101111010000000000001000
00100111100111000000000000001000
10001111101101000000000000000010
10101111010101000000000000000000
10001111010110110000000000000000
01111011011111110000000000000000
00001000000000000000000001010010
00000011111111111111100000100000
11111111111111111111111111111111
