00001000000000000000000000000001
00000011111111111111100000100000
00110111111111010000000000000000
00000011101101111110100000100000
00110111111111000000000000000101
00000011100101111110000000100000
00100010111110100000000111110011
00100011100111000000000000000001
00100011100111000000000000000001
00100011100111000000000000000001
10001111101000000000000000000110
00110111111000010000000000000011
00000011111000010000000000100000
10101111101000000000000000000110
10001111101000100000000000000111
00110111111000110000000000000011
00000011111000110001000000100000
10101111101000100000000000000111
10001111101001000000000000001000
10001111101001010000000000000110
10001111101001100000000000000111
00000000101001100011100000100000
00110111111010000000000000000010
00000000111010000100100000011010
00000011111010010010000000100000
10101111101001000000000000001000
10001111101010100000000000001000
10101111010010100000000000000000
10001111010110110000000000000000
01111011011111110000000000000000
00001000000000000000000000011111
00000011111111111111100000100000
11111111111111111111111111111111
