00001000000000000000000000110010
00000011111111111111100000100000
10101111101111100000000000000011
10001111101000000000000000000000
10001111101000010000000000000001
10001111101000100000000000001001
10001111101110110000000000000000
00000011011111111101100000100000
10001111011000110000000000000000
00000011111000110001000000100000
10101111101000100000000000001001
10001111101001000000000000001000
00110111111001010000000000000001
00000011111001010010000000100000
10101111101001000000000000001000
00000011111111111111100000100000
10001111101001100000000000001000
10001111101001110000000000000001
00000000110001110100000000101010
00010011111010000000000000101010
10001111101010010000000000001000
10001111101110110000000000000000
00000011011010011101100000100000
10001111011010100000000000000000
10001111101010110000000000001001
00000001010010110110000000101010
00010011111011000000000000100010
10001111101011010000000000001001
10001111101011100000000000001000
10001111101110110000000000000000
00000011011011101101100000100000
10001111011011110000000000000000
00000011111011110110100000100000
10101111101011010000000000001001
00000011111111111111100000100000
10001111101100000000000000001000
10001111101100010000000000001000
00110111111100100000000000000001
00000010001100101001100000100000
00000011111100111000000000100000
10101111101100000000000000001000
00001000000000000000000000001111
00000011111111111111100000100000
10001111101101000000000000001001
10001111101110110000000000000010
10101111011101000000000000000010
00001000000000000000000000101111
00000011111111111111100000100000
10001111101111100000000000000011
00000011110111111111100000001000
00000011111111111111100000100000
00110111111111010000000000000101
00000011101101111110100000100000
00110111111111000000000000001010
00000011100101111110000000100000
00100010111110100000000111110011
00100011100111000000000000000001
00100011100111000000000000000001
10001111101101010000000000000110
00000011111111111010100000100000
10101111101101010000000000000110
00100010111110110000000000000000
00000011011111111101100000100000
10001111011000000000000000000000
00110111111000010000000000000101
00000011111000010000000000100000
00100010111110110000000000000000
00000011011111111101100000100000
10101111011000000000000000000000
00110111111000100000000000000001
00100010111110110000000000000000
00000011011000101101100000100000
10001111011000110000000000000000
00110111111001000000000000000011
00000011111001000001100000100000
00100010111110110000000000000000
00000011011000101101100000100000
10101111011000110000000000000000
00110111111001010000000000000010
00100010111110110000000000000000
00000011011001011101100000100000
10001111011001100000000000000000
00110111111001110000000000001000
00000011111001110011000000100000
00100010111110110000000000000000
00000011011001011101100000100000
10101111011001100000000000000000
00110111111010000000000000000011
00100010111110110000000000000000
00000011011010001101100000100000
10001111011010010000000000000000
00110111111010100000000000000001
00000011111010100100100000100000
00100010111110110000000000000000
00000011011010001101100000100000
10101111011010010000000000000000
00110111111010110000000000000100
00100010111110110000000000000000
00000011011010111101100000100000
10001111011011000000000000000000
00110111111011010000000000000100
00000011111011010110000000100000
00100010111110110000000000000000
00000011011010111101100000100000
10101111011011000000000000000000
10001111101011100000000000000111
00100010111011110000000000000000
10101111010011110000000000000000
00110111111100000000000000000101
10101111010100000000000000000001
10001111010110110000000000000001
10101111100110110000000000000010
10001111010110110000000000000000
10101111100110110000000000000001
00000011101111111101100000100000
00100011011110110000000000000000
10101111100110110000000000000011
00100011101111010000000000001000
00100011100111000000000000001010
00001100000000000000000000000001
00100111101111010000000000001000
00100111100111000000000000001010
10001111101100010000000000000010
00000011111100010111000000100000
10101111101011100000000000000111
10001111101100100000000000000111
10101111010100100000000000000000
10001111010110110000000000000000
01111011011111110000000000000000
00001000000000000000000010000010
00000011111111111111100000100000
11111111111111111111111111111111
