00001000000000000000000000011010
00000011111111111111100000100000
10101111101111100000000000000010
10001111101000000000000000000000
10001111101000010000000000000000
00110111111000100000000000000010
00000000001000100001100000011010
00110111111001000000000000000010
00000000011001000010100000011000
10001111101001100000000000000000
00000000101001100011100000101101
00101000111001110000000000000001
00010011111001110000000000010010
00110111111010000000000000000001
10001111101110110000000000000001
10101111011010000000000000000010
00001000000000000000000000010111
00001000000000000000000000010110
00000011111111111111100000100000
10001111101110110000000000000001
10101111011111110000000000000010
00001000000000000000000000010111
00000011111111111111100000100000
00000011111111111111100000100000
10001111101111100000000000000010
00000011110111111111100000001000
00000011111111111111100000100000
00110111111111010000000000000000
00000011101101111110100000100000
00110111111111000000000000000101
00000011100101111110000000100000
00100010111110100000000111110011
00100011100111000000000000000001
00100011100111000000000000000001
10001111101010010000000000000110
00110111111010100000000000000011
00000011111010100100100000100000
10101111101010010000000000000110
10001111101010110000000000000111
10001111101011000000000000000110
10101111010011000000000000000000
10001111010110110000000000000000
10101111100110110000000000000001
00000011101111111101100000100000
00100011011110110000000000000000
10101111100110110000000000000010
00100011101111010000000000001000
00100011100111000000000000000111
00001100000000000000000000000001
00100111101111010000000000001000
00100111100111000000000000000111
10001111101011010000000000000010
00000011111011010101100000100000
10101111101010110000000000000111
10001111101011100000000000000111
10101111010011100000000000000000
10001111010110110000000000000000
01111011011111110000000000000000
00001000000000000000000000111011
00000011111111111111100000100000
11111111111111111111111111111111
