00001000000000000000000000000001
00000011111111111111100000100000
00110111111111010000000000000000
00000011101101111110100000100000
00110111111111000000000000000101
00000011100101111110000000100000
00100010111110100000000111110011
00100011100111000000000000000001
00100011100111000000000000000001
00100011100111000000000000000001
00100011100111000000000000000001
00100011100111000000000000000001
00100011100111000000000000000001
10001111101000000000000000000110
00000011111111110000000000100000
10101111101000000000000000000110
10001111101000010000000000000111
00110111111000100000000000000001
00000011111000100000100000100000
10101111101000010000000000000111
10001111101000110000000000001000
00000011111111110001100000100000
10101111101000110000000000001000
10001111101001000000000000001001
00110111111001010000000000000001
00000011111001010010000000100000
10101111101001000000000000001001
10001111101001100000000000001010
00000011111111110011000000100000
10101111101001100000000000001010
10001111101001110000000000001011
00110111111010000000010001010111
00000011111010000011100000100000
10101111101001110000000000001011
00000011111111111111100000100000
10001111101010010000000000001001
00110111111010100000000000000001
00000001001010100101100000101101
00101001011010110000000000000001
00010011111010110000000010100011
10001111101011000000000000000110
01011111111011010000000000000000
00000011111011010110000000100000
10101111101011000000000000000110
10001111101011100000000000000110
00000011111011100111100000101010
00010011111011110000000010100001
10001111101100000000000000000110
10101111010100000000000000000000
10001111010110110000000000000000
01111011011111110000000000000000
10001111101100010000000000001010
00000011111111111000100000100000
10101111101100010000000000001010
00000011111111111111100000100000
10001111101100100000000000001010
00110111111100110000000100101100
00000010010100111010000000101010
00010011111101000000000001000010
10001111101101010000000000001010
10001111101000000000000000001010
00110111111000010000000000000001
00000000000000010001000000100000
00000011111000101010100000100000
10101111101101010000000000001010
00001000000000000000000000110110
00000011111111111111100000100000
10001111101000110000000000001000
10101111010000110000000000000000
10001111010110110000000000000000
01111011011111110000000000000000
10001111101001000000000000001010
00000011111111110010000000100000
10101111101001000000000000001010
00000011111111111111100000100000
10001111101001010000000000001010
00110111111001100000000100101100
00000000101001100011100000101010
00010011111001110000000001010110
10001111101010000000000000001010
10001111101010010000000000001010
00110111111010100000000000000001
00000001001010100101100000100000
00000011111010110100000000100000
10101111101010000000000000001010
00001000000000000000000001001010
00000011111111111111100000100000
10001111101011000000000000001000
10101111010011000000000000000000
10001111101011010000000000000111
10101111010011010000000000000001
10001111010101100000000000000001
10001111010110110000000000000000
00111111011101100000000000000000
10001111101011100000000000001010
00000011111111110111000000100000
10101111101011100000000000001010
00000011111111111111100000100000
10001111101011110000000000001010
00110111111100000000000100101100
00000001111100001000100000101010
00010011111100010000000001101101
10001111101100100000000000001010
10001111101100110000000000001010
00110111111101000000000000000001
00000010011101001010100000100000
00000011111101011001000000100000
10101111101100100000000000001010
00001000000000000000000001100001
00000011111111111111100000100000
10001111101000000000000000001000
10001111101000010000000000001000
00110111111000100000000000000001
00000000001000100001100000100000
00000011111000110000000000100000
10101111101000000000000000001000
10001111101001000000000000001000
00110111111001010000010010110000
00000000100001010011000000101010
00111000110001100000000000000001
00010011111001100000000001111100
10001111101001110000000000001000
00000011111111110011100000100000
10101111101001110000000000001000
00000011111111111111100000100000
10001111101010000000000000000111
10001111101010010000000000000111
00110111111010100000000000000001
00000001001010100101100000100000
00000011111010110100000000100000
10101111101010000000000000000111
10001111101011000000000000000111
00110111111011010000000000001000
00000001100011010111000000101010
00111001110011100000000000000001
00010011111011100000000010001100
10001111101011110000000000000111
00110111111100000000000000000001
00000011111100000111100000100000
10101111101011110000000000000111
00000011111111111111100000100000
10001111101100010000000000001011
10101111010100010000000000000000
10001111010110110000000000000000
01111011011111110000000000000000
10001111101100100000000000001010
00000011111111111001000000100000
10101111101100100000000000001010
00000011111111111111100000100000
10001111101100110000000000001010
00110111111101000000000100101100
00000010011101001010100000101010
00010011111101010000000010100000
10001111101000000000000000001010
10001111101000010000000000001010
00110111111000100000000000000001
00000000001000100001100000100000
00000011111000110000000000100000
10101111101000000000000000001010
00001000000000000000000010010100
00000011111111111111100000100000
00000011111111111111100000100000
00001000000000000000000000100010
00000011111111111111100000100000
00001000000000000000000010100101
00000011111111111111100000100000
11111111111111111111111111111111
