00001000000000000000000000101011
00000011111111111111100000100000
10101111101111100000000000000101
10001111101000000000000000000000
10001111101000010000000000000001
10001111101000100000000000000010
10001111101000110000000000000011
10001111101001000000000000001010
00000011111111110010000000100000
10101111101001000000000000001010
00000011111111111111100000100000
10001111101001010000000000001010
10001111101001100000000000000011
00000000101001100011100000101010
00010011111001110000000000100111
10001111101010000000000000001010
10001111101110110000000000000010
00000011011010001101100000100000
10001111011010010000000000000000
10001111101010100000000000001010
10001111101110110000000000000000
00000011011010101101100000100000
10001111011010110000000000000000
10001111101011000000000000001010
10001111101110110000000000000001
00000011011011001101100000100000
10001111011011010000000000000000
00000001011011010111000000100000
00000011111011100100100000100000
10001111101110110000000000000010
00000011011010001101100000100000
10101111011010010000000000000000
10001111101011110000000000001010
10001111101100000000000000001010
00110111111100010000000000000001
00000010000100011001000000100000
00000011111100100111100000100000
10101111101011110000000000001010
00001000000000000000000000001010
00000011111111111111100000100000
00000011111111111111100000100000
10001111101111100000000000000101
00000011110111111111100000001000
00000011111111111111100000100000
00110111111111010000000000011110
00000011101101111110100000100000
00110111111111000000000000100011
00000011100101111110000000100000
00100010111110100000000111110011
00100011100111000000000000000001
10001111101100110000000000000110
00000011111111111001100000100000
10101111101100110000000000000110
00000011111111111111100000100000
10001111101101000000000000000110
00110111111101010000000000001010
00000010100101010000000000101010
00010011111000000000000001001010
10001111101000010000000000000110
00100010111110110000000000000000
00000011011000011101100000100000
10001111011000100000000000000000
10001111101000110000000000000110
00000011111000110001000000100000
00100010111110110000000000000000
00000011011000011101100000100000
10101111011000100000000000000000
10001111101001000000000000000110
10001111101001010000000000000110
00110111111001100000000000000001
00000000101001100011100000100000
00000011111001110010000000100000
10101111101001000000000000000110
00001000000000000000000000110101
00000011111111111111100000100000
10001111101010000000000000000110
00000011111111110100000000100000
10101111101010000000000000000110
00000011111111111111100000100000
10001111101010010000000000000110
00110111111010100000000000001010
00000001001010100101100000101010
00010011111010110000000001100101
10001111101011000000000000000110
00100010111110110000000000001010
00000011011011001101100000100000
10001111011011010000000000000000
00110111111011100000000000000010
10001111101011110000000000000110
00000001110011111000000000011000
00000011111100000110100000100000
00100010111110110000000000001010
00000011011011001101100000100000
10101111011011010000000000000000
10001111101100010000000000000110
10001111101100100000000000000110
00110111111100110000000000000001
00000010010100111010000000100000
00000011111101001000100000100000
10101111101100010000000000000110
00001000000000000000000001001110
00000011111111111111100000100000
00100010111101010000000000000000
10101111010101010000000000000000
00100010111000000000000000001010
10101111010000000000000000000001
00100010111000010000000000010100
10101111010000010000000000000010
00110111111000100000000000001010
10101111010000100000000000000011
10001111010110110000000000000011
10101111100110110000000000000100
10001111010110110000000000000010
10101111100110110000000000000011
10001111010110110000000000000001
10101111100110110000000000000010
10001111010110110000000000000000
10101111100110110000000000000001
00000011101111111101100000100000
00100011011110110000000000000000
10101111100110110000000000000101
00100011101111010000000000000111
00100011100111000000000000001011
00001100000000000000000000000001
00100111101111010000000000000111
00100111100111000000000000001011
10001111101000110000000000000110
00000011111111110001100000100000
10101111101000110000000000000110
00000011111111111111100000100000
10001111101001000000000000000110
00110111111001010000000000001010
00000000100001010011000000101010
00010011111001100000000010010100
10001111101001110000000000000110
00100010111110110000000000010100
00000011011001111101100000100000
10001111011010000000000000000000
10101111010010000000000000000000
10001111010110110000000000000000
01111011011111110000000000000000
10001111101010010000000000000110
10001111101010100000000000000110
00110111111010110000000000000001
00000001010010110110000000100000
00000011111011000100100000100000
10101111101010010000000000000110
00001000000000000000000010000001
00000011111111111111100000100000
00001000000000000000000010010110
00000011111111111111100000100000
11111111111111111111111111111111
